,A,I,P,T,U,dates,Total
130,0.20862551976115096,0.035243412416327335,0.5631743221992014,0.15250130003361115,0.040455445589709246,2005Q1,3359182.38
131,0.20246862220850587,0.03423748263777999,0.5631482960065322,0.16786822926315864,0.032277369884023334,2005Q2,3374525.26
132,0.19891151134007606,0.035570221145813465,0.5586771444674589,0.1704466773746736,0.03639444567197798,2005Q3,3412941.39
133,0.2034245297084343,0.03448885543821924,0.5527027700085074,0.17540062540139864,0.03398321944344035,2005Q4,3447756.92
134,0.20784896937363273,0.03433066082139435,0.5470722829653185,0.1757326973966844,0.03501538944296987,2006Q1,3462919.3600000003
135,0.2114489694786504,0.03225192021956043,0.5452040597878401,0.17659798008988548,0.03449707042406359,2006Q2,3457599.4
136,0.21566390425350782,0.03559471159744442,0.545733244121595,0.16995065294051165,0.03305748708694123,2006Q3,3460994.4699999997
137,0.21660107422181774,0.03699149328629379,0.5400204936556747,0.1742545966890924,0.032132342147121296,2006Q4,3455537.71
138,0.21538142071423305,0.03464459192687197,0.5537873825923876,0.16132466226170258,0.034861942504804753,2007Q1,3485613.0
139,0.22088622213719075,0.03199691452899549,0.5572987062791702,0.15824447155513477,0.03157368549950863,2007Q2,3510439.7300000004
140,0.2181390809027297,0.0311183385241763,0.5591850749040228,0.1580729679011086,0.03348453776796251,2007Q3,3538269.24
141,0.21228153742432768,0.031784841480626415,0.56203970832792,0.156256230330845,0.03763768243628085,2007Q4,3563313.98
142,0.20489166919203886,0.031080035851633173,0.5624873542173371,0.15710825548772353,0.0444326852512673,2008Q1,3600360.39
143,0.20417681290487708,0.029114444602062802,0.5619044742528693,0.15138270899571665,0.05342155924447427,2008Q2,3601244.38
144,0.20410209084337255,0.03319790328811607,0.5541606431139613,0.1446206186341605,0.06391874412038964,2008Q3,3632096.55
145,0.19804643021082186,0.03348846152657318,0.5439100924864495,0.13983980272009006,0.0847152130560654,2008Q4,3646100.61
146,0.18099426882551586,0.030691489434524665,0.544300798629622,0.12329761446125563,0.12071582864908187,2009Q1,3652131.0
147,0.18078167233540587,0.030630197543435784,0.5351119586801338,0.12715439378388277,0.1263217776571417,2009Q2,3659417.47
148,0.18258447688715274,0.03652609052330292,0.5316717661880523,0.12592291010209014,0.12329475629940198,2009Q3,3655189.4299999997
149,0.17870400724849453,0.03553105592075183,0.5320283648319526,0.12596257235741867,0.12777399964138236,2009Q4,3676283.37
150,0.1779441690326199,0.033889915566787485,0.5274126012635099,0.1206683752960683,0.14008493884101447,2010Q1,3705289.55
151,0.17882501856430583,0.031642958477935856,0.5323677258436732,0.12555701168607947,0.13160728542800568,2010Q2,3711625.45
152,0.17710559374427337,0.0315318998574988,0.5295057404497917,0.12564554312420761,0.1362112228242285,2010Q3,3731638.77
153,0.17797836114918364,0.03084680555827311,0.5324270314402346,0.12211730578809829,0.13663049606421032,2010Q4,3741104.4000000004
154,0.17447166635240632,0.0317628731650477,0.5246671699107534,0.12640425412154127,0.14269403645025147,2011Q1,3727111.1899999995
155,0.16634590562107254,0.033145320909825984,0.5282523677192965,0.12783318937825192,0.144423216371553,2011Q2,3713751.04
156,0.16584363454341558,0.03170872821943217,0.5233707976017703,0.1301224206916958,0.14895441894368622,2011Q3,3718789.6399999997
157,0.16498470009882518,0.032395885486501956,0.5169118003830235,0.12732883949123114,0.1583787745404182,2011Q4,3743540.52
158,0.16322263016299526,0.03250281228598918,0.5208337906246192,0.11630877220123834,0.16713199472515794,2012Q1,3721643.1900000004
159,0.1634324483798377,0.03235395058192334,0.5152318879106016,0.11502168041187431,0.17396003271576302,2012Q2,3686357.55
160,0.16871012377441433,0.03296785449520612,0.512127821613623,0.10793491791212363,0.17825928220463286,2012Q3,3708179.13
161,0.16856693156613056,0.03219653415661737,0.5073595244268002,0.1067082440859005,0.18516876576455132,2012Q4,3687164.88
162,0.16818333862435422,0.029630342197458717,0.509289585709242,0.10465903329062295,0.18823770017832217,2013Q1,3662809.1999999997
163,0.17117379182620082,0.0322864716874899,0.5052705381656292,0.11011003002558711,0.18115916829509307,2013Q2,3661796.84
164,0.1693373614986017,0.03364083906854557,0.5050495233355616,0.1116932403258324,0.18027903577145882,2013Q3,3647708.6599999997
165,0.1650722327273408,0.028703247606279944,0.5108540870567286,0.12250298132902318,0.17286745128062744,2013Q4,3648850.87
166,0.16606368961420093,0.03350282283472605,0.504639172444455,0.11756998453960955,0.17822433056700837,2014Q1,3615038.0700000003
167,0.1663918286416954,0.029137561793215853,0.5139670050398844,0.125905299769222,0.1645983047559822,2014Q2,3584050.4000000004
168,0.17003043952047223,0.031747013603377845,0.5161312076548477,0.1284115963402111,0.1536797428810911,2014Q3,3587628.79
169,0.17203494662169388,0.02856014262196993,0.5185143652993217,0.12925915094027557,0.1516313945167388,2014Q4,3592304.89
170,0.1694149737997367,0.02867076891828475,0.5219555577611442,0.12641085977912675,0.1535478397417076,2015Q1,3582011.71
171,0.1702029466803154,0.024724918932396377,0.5323689651826549,0.13988269715418963,0.13282047205044373,2015Q2,3575901.3099999996
172,0.1740135205186051,0.03053861124914915,0.5335555866840319,0.14143419399400295,0.1204580875542109,2015Q3,3559727.36
173,0.16990689426157235,0.02872038357221405,0.5398862308097754,0.14018097729459644,0.12130551406184181,2015Q4,3547679.29
174,0.1694698765000401,0.02789280826267578,0.5495729569219,0.13340012371568147,0.11966423459970262,2016Q1,3512861.06
175,0.17231496259049361,0.028367450419533875,0.5565770902253581,0.13348761462031786,0.10925288214429651,2016Q2,3488295.16
176,0.17067780185798995,0.027545840147210215,0.5609922775403918,0.13922468185037584,0.10155939860403208,2016Q3,3478171.64
177,0.17157805800844583,0.028826327596887292,0.5632875693941229,0.1380321351643621,0.09827590983618172,2016Q4,3452086.2800000003
178,0.17227103082326406,0.03188961166519226,0.5641257748234363,0.13316660713322154,0.09854697555488574,2017Q1,3419982.3800000004
179,0.1732223328434864,0.03248993577608863,0.5672053105810204,0.14150681085247316,0.08557560994693136,2017Q2,3387956.22
180,0.1725561132353639,0.03578787247330913,0.5666403857314269,0.14402624124365904,0.08098938731624099,2017Q3,3392827.0
181,0.16857385247025264,0.03255282618852969,0.5753514278569979,0.14247317459491088,0.08104871888930892,2017Q4,3400589.84
182,0.17304597040801317,0.030198864350662966,0.5773077270562872,0.13675378223999604,0.08269365594504056,2018Q1,3394935.2800000003
183,0.1706020503992992,0.03081153721146763,0.583491878985896,0.13922119616736267,0.07587333723597439,2018Q2,3393838.46
184,0.17148742420321797,0.031014691149628876,0.5859306786289425,0.13865922876059342,0.0729079772576171,2018Q3,3365147.8100000005
185,0.174017871681037,0.030887155201828585,0.5780541298677704,0.148237231634023,0.06880361161534122,2018Q4,3360056.6099999994
186,0.17256118132639225,0.029779707904195516,0.583982540005902,0.1424218449979169,0.07125472576559339,2019Q1,3328518.88
187,0.17019744008139326,0.02774049786368809,0.5861783352518747,0.14713714582067253,0.06874658098237146,2019Q2,3335077.13
188,0.16931836334277453,0.035052538867614044,0.5828344963967215,0.14185054758967353,0.07094405380321629,2019Q3,3316292.45
189,0.17204876795590732,0.032004168029639624,0.5889929100454795,0.13635621505747247,0.07059793891150105,2019Q4,3281032.33
190,0.17501364353825513,0.044781088270589894,0.5832052166569546,0.12622038921518206,0.07077966231901837,2020Q1,3255313.92
191,0.1727500520597719,0.06489408276112059,0.5750962620944136,0.1063130513964539,0.08094655168823997,2020Q2,3222737.9000000004
192,0.16924239423235157,0.043984300120846004,0.5901087220581193,0.12037948269818971,0.07628510089049359,2020Q3,3202712.55
193,0.17122456550848125,0.04067765327599481,0.593666701330785,0.12306197056176175,0.07136910932297717,2020Q4,3166001.96
194,0.16970035460877617,0.04507092105397537,0.596447484928174,0.11596060348173051,0.07282063592734404,2021Q1,3137237.6399999997
195,0.17362586834432073,0.039169629096946976,0.6079419484745747,0.11632530563020921,0.06293724845394837,2021Q2,3111699.11
196,0.16669583297143073,0.03555932385457064,0.6041261331852,0.12443412431577434,0.06918458567302423,2021Q3,3090495.49
197,0.17427038995442104,0.03476701913508542,0.6088261215852595,0.1218472776468809,0.060289191678352984,2021Q4,3056621.8400000003
198,0.18262733219542948,0.03829301510772519,0.6054492572720264,0.11051698119571228,0.06311341422910671,2022Q1,3008227.21
199,0.18052630607133938,0.03722399882574938,0.6236010797411123,0.10248128534708897,0.05616733001470993,2022Q2,2975446.58
200,0.17050206246227798,0.04579567909035053,0.6388154563751985,0.08794268600174969,0.05694411607042344,2022Q3,2958347.4399999995
201,0.1697468041332585,0.04121617660127666,0.6496476300605144,0.07921679489842444,0.06017259430652605,2022Q4,2957865.82
