,A,I,P,T,U,dates,E,Total
130,0.06360339627826656,0.2425725638471518,0.22487225738836952,0.09267877722266514,0.05872197065251234,2005Q1,0.3175510346110347,5247573.55
131,0.06478255964778479,0.23623563149171134,0.22430623572175779,0.0999291868684791,0.05051096368003009,2005Q2,0.3242354225902369,5335338.12
132,0.06265187974655524,0.2387089477672969,0.22601755301680984,0.10136879926397371,0.04386646792458077,2005Q3,0.32738635228078355,5421143.33
133,0.06211583420111069,0.2247845929759294,0.2272640051230501,0.1050012685493961,0.0485690254780675,2005Q4,0.3322652736724462,5495726.08
134,0.06167848839939851,0.22104226339838026,0.22701428999900172,0.10632755595781924,0.05059555628857936,2006Q1,0.3333418459568209,5559194.93
135,0.062343922352963294,0.21925392220189982,0.2272709076201,0.10651597070196861,0.05082839880099969,2006Q2,0.3337868783220686,5546013.58
136,0.06297484592101812,0.2241631473912591,0.22905568564776682,0.10308732594291331,0.04857598350636246,2006Q3,0.3321430115906801,5570535.9
137,0.05986513166622293,0.20807294014368113,0.2332634745351608,0.10745510165575872,0.05062477580825675,2006Q4,0.3407185761909195,5683750.800000001
138,0.060683390385768934,0.20049061277355013,0.24335477735971212,0.10114620749644507,0.049824027128366644,2007Q1,0.34450098485615716,5782499.26
139,0.06129619733360058,0.20447036302784322,0.24573384778856244,0.09988544933989121,0.04299484538164889,2007Q2,0.34561929712845363,5794719.99
140,0.06147261630527305,0.20966387065875536,0.24791736910130122,0.09415580845259101,0.04471715792818718,2007Q3,0.34207317755389227,5839985.859999999
141,0.05852982965474266,0.19416752906405874,0.2506393653629176,0.09952356913573861,0.04697677228388633,2007Q4,0.35016293449865615,5943682.9399999995
142,0.05909380238480883,0.187075635195809,0.25145410080914005,0.09903047007206355,0.0528614206569749,2008Q1,0.3504845708812036,5987136.48
143,0.05799650652809759,0.1839589806807901,0.2565718690506204,0.09556335702691916,0.05377406063603324,2008Q2,0.35213522607753955,6071478.63
144,0.05901337444096265,0.18741929324511697,0.25545592396324757,0.09342397452533996,0.05580753533674544,2008Q3,0.34887989848858747,6062790.2299999995
145,0.05916229749612879,0.16755404577240685,0.25745062619439796,0.09242949016016959,0.07352342402232921,2008Q4,0.34988011635456756,6098930.32
146,0.054324177065825034,0.16518729876808244,0.2617130474015209,0.08561972772780221,0.08582297390744627,2009Q1,0.3473327751293231,6060532.12
147,0.054448619797574135,0.16278268511102068,0.2646724913616074,0.08304762930475859,0.08732845375867335,2009Q2,0.347720120666366,6140763.369999999
148,0.05586575067600397,0.1682084773305366,0.2633093026166591,0.08271685657153283,0.08387345361707571,2009Q3,0.34602615918819185,6149401.84
149,0.054244691837024066,0.16116726651521024,0.2641948797726817,0.08240088661833996,0.09139650886572243,2009Q4,0.34659576639102163,6182610.66
150,0.053060590412172336,0.1574967833993992,0.26793229416894765,0.07765657534376788,0.0982648871629974,2010Q1,0.34558886951271556,6218513.7299999995
151,0.0533367687379352,0.1557147223247512,0.2674698652296552,0.07777341258202748,0.10046195331394833,2010Q2,0.3452432778116827,6287003.279999999
152,0.050276942677309984,0.1613773479878066,0.26820527186675347,0.07789309961677668,0.09614896636782314,2010Q3,0.3460983714835301,6339969.04
153,0.05035072849493758,0.1495375371617175,0.2695367875641386,0.08035891743489884,0.10032032434527016,2010Q4,0.34989570499903744,6383158.289999999
154,0.050367449113880504,0.1433246969802863,0.26785075528325464,0.08012585839002546,0.1103546265592729,2011Q1,0.34797661367328014,6386059.760000001
155,0.04879971577554365,0.14007226484738203,0.26722498979414394,0.08520300970938499,0.10627202037001657,2011Q2,0.3524279995035289,6407865.1899999995
156,0.049405729765291694,0.14814006441805186,0.2625877259687991,0.08352374196110977,0.11023126995683873,2011Q3,0.3461114679299089,6390155.99
157,0.05077925623089454,0.1363208754649809,0.2674634904465541,0.07847096128257837,0.12103096484585961,2011Q4,0.34593445172913245,6395902.66
158,0.05384470487637937,0.12714732601925285,0.26875752489081695,0.07652388940099224,0.12844514052074937,2012Q1,0.3452814142918092,6394835.3100000005
159,0.049916365465172446,0.1299729083960686,0.2710705362114726,0.07681412704883284,0.12434139961814819,2012Q2,0.3478846632603054,6374561.67
160,0.05180692691574971,0.1334343822771244,0.2676322396637751,0.07648526816906528,0.12652367514144522,2012Q3,0.34411750783284034,6373894.76
161,0.05232637512568955,0.12235663504648057,0.2696665085922088,0.07506187175904157,0.13586022912532902,2012Q4,0.34472838035125036,6402868.710000001
162,0.052116823072178936,0.12179877759313221,0.27286895749363815,0.06849215671111505,0.1433621709251824,2013Q1,0.34136111420475324,6363139.970000001
163,0.05160759609301568,0.12013037579889514,0.27305926260913727,0.07106487259664862,0.14001375769651744,2013Q2,0.34412413520578583,6384688.01
164,0.054606652734757705,0.1282143303791603,0.2680396132874952,0.07251694980078591,0.1360658907095198,2013Q3,0.3405565630882811,6363741.46
165,0.054273283736023685,0.11733540792182487,0.2699519097900621,0.07334233384767896,0.14180282106666928,2013Q4,0.3432942436377411,6409418.890000001
166,0.052400179968533654,0.11479287387616373,0.27471253380148064,0.07182037327245151,0.1397411320074382,2014Q1,0.3465329070739322,6445993.510000001
167,0.05193647026076748,0.11738058209069842,0.2780422771099564,0.0730221162196712,0.12855416098927913,2014Q2,0.3510643933296275,6409682.219999999
168,0.05253155378980823,0.1253040316336626,0.2760803801869917,0.07234258433962899,0.12531848552328792,2014Q3,0.3484229645266207,6403120.709999999
169,0.05075671377051924,0.11388286250728381,0.28048694646348515,0.07388820766389778,0.12661011546743117,2014Q4,0.35437515412738296,6468959.1899999995
170,0.05125242960967196,0.11299084817771683,0.2846650004432194,0.06898804126917948,0.12845063878781357,2015Q1,0.35365304171239886,6445454.049999999
171,0.05214848154370285,0.11067503683419423,0.28114935121392887,0.07526488381830515,0.12434801155763475,2015Q2,0.356414235032234,6462242.620000001
172,0.05071786186280401,0.12370379847656596,0.27815421897424664,0.08012657010082433,0.10901676151048814,2015Q3,0.35828078907507094,6474505.39
173,0.049905254269881016,0.10929001685087368,0.28201753183406625,0.08026021103240853,0.11624924314629577,2015Q4,0.3622777428664748,6492007.6
174,0.05058372681389768,0.1086780398732792,0.2830708118007658,0.0796097283208504,0.11537715306959063,2016Q1,0.36268054012161627,6471749.13
175,0.05124422766058846,0.10621475522879009,0.2835971400028896,0.08380186098396704,0.10774301513690812,2016Q2,0.3673990009868566,6528202.4
176,0.05156349047139322,0.11485295422365567,0.2820623731024642,0.08565984934734756,0.09813911040532762,2016Q3,0.36772222244981173,6485847.97
177,0.05470903071779873,0.11032165907563445,0.28185918776833885,0.0859856865177603,0.0992795616343687,2016Q4,0.36784487428609913,6438783.969999999
178,0.051808606345253715,0.11138126660919272,0.28049994334055633,0.08576799660652283,0.1042742471513953,2017Q1,0.3662679399470792,6443939.02
179,0.05162716665938613,0.11352030968399224,0.28220539535532385,0.08929273524636817,0.09185626245323766,2017Q2,0.371498130601692,6472277.709999999
180,0.05185855627623264,0.11785215787103588,0.28576646546229173,0.08672828586406559,0.08529978320001685,2017Q3,0.3724947513263573,6467205.3
181,0.051876276811050184,0.10867365148537111,0.28678423565318173,0.09041588308603983,0.08504983422513551,2017Q4,0.3772001187392216,6524785.91
182,0.05003732944676767,0.11075317309781747,0.2908038889760706,0.08599878398174897,0.08560415153977553,2018Q1,0.3768026729578196,6537171.620000001
183,0.048147260080212875,0.11063051203779398,0.2918463672592214,0.09033694563512466,0.07685560209330088,2018Q2,0.3821833128943461,6542667.630000001
184,0.05021559822067545,0.11730642768059815,0.28797913507655265,0.09189191763368358,0.07273586867825389,2018Q3,0.37987105271023625,6457057.0
185,0.050310090233505286,0.11032725391101036,0.29093073071051323,0.09152361931854308,0.07445395579737182,2018Q4,0.3824543500290563,6481163.489999999
186,0.05089068892269368,0.1118043118651695,0.294110806713513,0.08660073088121843,0.07588192402267407,2019Q1,0.3807115375947314,6442743.199999999
187,0.05143344262407883,0.10797021156008905,0.2930641656827769,0.09137603583788638,0.07171594277450563,2019Q2,0.38444020152066327,6464274.08
188,0.04891388506116393,0.11088771640357563,0.2939760481663164,0.08895034181706339,0.0743456185685008,2019Q3,0.38292638998337974,6368498.630000001
189,0.05059188662554322,0.10466826130533011,0.29328586422086483,0.09189718675676128,0.07437375011387451,2019Q4,0.3851830509776261,6358644.27
190,0.052052867359300134,0.1109451474272709,0.29285928304809683,0.0866755603662639,0.07793229838470755,2020Q1,0.3795348434143607,6279546.4799999995
191,0.05045748071879408,0.14528514991428002,0.287500935612458,0.07968016966245953,0.06989515881709088,2020Q2,0.36718110527491754,6140229.27
192,0.05044698144304378,0.12218846191659063,0.2923262453666636,0.08125935898928249,0.08019334792847342,2020Q3,0.37358560435594607,6165883.49
193,0.04827995666824235,0.10826923218668269,0.28883308050758194,0.08946157161162581,0.08686150690665952,2020Q4,0.3782946521192077,6204253.29
194,0.0504814126335313,0.10837925289780784,0.29282865440673045,0.08600308452440877,0.08347585660638239,2021Q1,0.3788317389311392,6262339.8100000005
195,0.054315891337682914,0.10320584560138414,0.29027189771971706,0.09263227459359288,0.07666991843431299,2021Q2,0.38290417231331,6200217.5
196,0.0550025111261184,0.10621471862288162,0.28852359738454075,0.09508139439358428,0.07157278669475,2021Q3,0.383604991778125,6164445.459999999
197,0.054609647100161994,0.10166142311334861,0.2920723148500327,0.09466214698582248,0.07026000611477895,2021Q4,0.3867344618358552,6133925.74
198,0.059546164039657075,0.10693849306431696,0.28959003336639805,0.09105531794741252,0.0722246402684049,2022Q1,0.3806453513138105,6036944.71
199,0.056568270998786224,0.10904645373972634,0.30059419496808115,0.08435122280966023,0.06449443970600473,2022Q2,0.3849454177777414,6017334.699999999
200,0.056448802463423715,0.10807063314315554,0.31394038815005443,0.07098847913087634,0.06562282983155918,2022Q3,0.38492886728093084,5968041.93
201,0.05202533738651781,0.10151492278755778,0.324174916241768,0.065432097610293,0.06724571212180241,2022Q4,0.389607013852061,6027813.48
