,A,I,P,T,U,dates,E,Total
130,0.0666445961801115,0.20070207301960755,0.25341685863947083,0.08926882223834723,0.047281969044644906,2005Q1,0.3426856808778181,2720828.0999999996
131,0.06453371686488137,0.18967895992837963,0.2534893091642178,0.0992998563655154,0.040208992147272755,2005Q2,0.35278916552973316,2739063.6799999997
132,0.06537755054735725,0.20594401766301476,0.24763308826131647,0.09857201241655358,0.03626823043388795,2005Q3,0.34620510067787,2716840.8499999996
133,0.06169899873526786,0.19276114009936748,0.24742453358182456,0.10550267607083938,0.03968544186003688,2005Q4,0.35292720965266394,2808673.78
134,0.06371364224380517,0.18446887154018435,0.25291908335694446,0.09999603079853012,0.0459872579050614,2006Q1,0.35291511415547455,2765543.67
135,0.06155998539997104,0.1768305021326093,0.2549452799363604,0.10912657242000941,0.03346580775468011,2006Q2,0.3640718523563698,2842405.32
136,0.05962839996158483,0.17683866942899154,0.25189515488344866,0.11220634093883784,0.035329938964850614,2006Q3,0.3641014958222865,2853663.86
137,0.05961334505227966,0.16122984304839014,0.26205745150414167,0.10753822165782709,0.03996546557539255,2006Q4,0.3695956731619688,2945304.6100000003
138,0.06463015810264924,0.15813388597371372,0.2698986529166557,0.09600942212280437,0.04541980584471681,2007Q1,0.3659080750394601,2921880.83
139,0.060173799132475794,0.1538756632448803,0.27534811676350657,0.09807141312109689,0.03911147785343697,2007Q2,0.3734195298846035,2981396.93
140,0.058313168695451424,0.1623649453035566,0.2760006607255122,0.09303057453021754,0.04125941548953255,2007Q3,0.3690312352557298,2930778.3099999996
141,0.06022951597504423,0.15029876049069513,0.2770258706485785,0.09693297207215373,0.04155403809279624,2007Q4,0.3739588427207322,3003260.23
142,0.056542550599386454,0.15191622964641838,0.2759845232516521,0.09657564071353986,0.04642089182381129,2008Q1,0.372560163965192,3017142.8099999996
143,0.06081104391510028,0.14714904280210167,0.276180825871821,0.09513665146600558,0.04940495860714496,2008Q2,0.37131747733782655,2992222.9299999997
144,0.06538710423513072,0.14535267747283565,0.27629872026120755,0.09298723994935634,0.05068829787090598,2008Q3,0.36928596021056387,3018430.8099999996
145,0.060690967073511265,0.1416928909544415,0.2775663013629276,0.09150262576269444,0.05947828772080297,2008Q4,0.36906892712562206,3035468.5200000005
146,0.05714624652460826,0.1319030547064544,0.285320658851262,0.08491860710036671,0.07047216686567999,2009Q1,0.37023926595162865,3059133.55
147,0.056519686823595094,0.13051233865990097,0.2862338153094879,0.08345917258460206,0.0735819987283241,2009Q2,0.36969298789408994,3031731.59
148,0.055577171431825084,0.1263654853504294,0.2823118783503957,0.09088983707685848,0.07165391236323715,2009Q3,0.37320171542725417,3049404.74
149,0.051431816081289806,0.1239853274694755,0.28961840110811715,0.08370044195354728,0.07794517032590592,2009Q4,0.37331884306166446,3060701.76
150,0.04999492113423375,0.12083067523817496,0.283304149253737,0.08795833135544633,0.08664944240922454,2010Q1,0.3712624806091833,3045758.7800000003
151,0.05083417296529516,0.11353410669804602,0.28948402812223106,0.0852645267254241,0.08613461064134856,2010Q2,0.3747485548476551,2967242.53
152,0.05203585680512743,0.11613294523883885,0.28533987612962947,0.0878745078312834,0.08540243003420789,2010Q3,0.3732143839609129,2932670.6500000004
153,0.050806981675432294,0.10706208466022579,0.28571361669358736,0.09002499182290291,0.09065371663136136,2010Q4,0.37573860851649027,2974496.91
154,0.05167576629428701,0.10813183135929637,0.28137129503955666,0.08907185662091921,0.09930609902546497,2011Q1,0.3704431516604758,2940199.07
155,0.050424461937599814,0.10880453089559966,0.2840914023267453,0.08957608930175252,0.09343602390980499,2011Q2,0.37366749162849777,2946451.4699999997
156,0.05079443838759108,0.11612987280305888,0.2816813590153801,0.08752738678705849,0.09465819720447281,2011Q3,0.3692087458024386,2913393.96
157,0.048161994807360935,0.11040272459128576,0.28106317429846045,0.09024997536405202,0.09880898127632828,2011Q4,0.3713131496625125,2960714.16
158,0.052964672788206234,0.1074291956497829,0.27291737956467443,0.09176684929504184,0.11023767384257831,2012Q1,0.3646842288597163,2877807.64
159,0.050898182241908944,0.10729070225002295,0.28226991246657557,0.08534226174703131,0.10658676708085447,2012Q2,0.36761217421360687,2877495.0999999996
160,0.05174638459986689,0.10804675996226247,0.27675642451519916,0.0871365513100241,0.11242090378742417,2012Q3,0.36389297582522323,2816283.71
161,0.050969627422019166,0.10077990380802289,0.2888418070027057,0.07848902175598181,0.11358881125258292,2012Q4,0.3673308287586875,2842305.65
162,0.048752870473566225,0.09928200099533634,0.28927659811273393,0.0764377382103508,0.12053645588492794,2013Q1,0.36571433632308475,2796803.3200000003
163,0.04981117887218504,0.09383051936371477,0.28974291058314494,0.0799337023212536,0.11700507595530298,2013Q2,0.36967661290439857,2784924.0500000003
164,0.04922529479651172,0.10454117700103094,0.2846630378831473,0.08253701159763682,0.11183342924088904,2013Q3,0.3672000494807841,2767943.2
165,0.05006673488519838,0.09762193602853139,0.28466684723810093,0.08282163118400025,0.11733437224206783,2013Q4,0.3674884784221012,2704709.83
166,0.05047887734307793,0.09964185425488845,0.2830804230587566,0.08446530115606501,0.1147878199723905,2014Q1,0.3675457242148216,2659266.55
167,0.05539965011182258,0.09781661866803114,0.2805477991355556,0.08858257816635316,0.10852297661632879,2014Q2,0.3691303773019088,2691111.2199999997
168,0.04968725142076084,0.1050634483767215,0.28090230974946523,0.08498857469149601,0.11346753132059523,2014Q3,0.36589088444096124,2651556.4099999997
169,0.05185559368667482,0.10106519368858966,0.27760505567794475,0.0896105723723064,0.1126479565242334,2014Q4,0.3672156280502511,2607039.4799999995
170,0.05496297888708444,0.1056096687610817,0.2751838181196703,0.08512021159309084,0.11881929292631158,2015Q1,0.36030402971276115,2548846.93
171,0.05571552147503452,0.09435484740353188,0.2753857541647335,0.09253382412560116,0.11409047454076413,2015Q2,0.36791957829033467,2555568.6500000004
172,0.05639302408613152,0.10325539602872111,0.27397638338984537,0.09516604382695931,0.10206672545153792,2015Q3,0.3691424272168047,2492069.7600000002
173,0.058421583540957354,0.10088380778793561,0.27448257621775773,0.09440793214975171,0.10291359193608803,2015Q4,0.3688905083675095,2479618.3400000003
174,0.06008694391566914,0.09961197529973956,0.2781062712510389,0.09199051520774029,0.10010750786703303,2016Q1,0.37009678645877914,2491622.31
175,0.06558710582479478,0.09187785968564426,0.27769755904072996,0.09614314828946546,0.09485361982917007,2016Q2,0.3738407073301954,2458991.87
176,0.0616641719406657,0.09828117803260594,0.2778368391865,0.09675639087397828,0.0908681899057719,2016Q3,0.37459323006047823,2494315.34
177,0.0555210729748999,0.09688381172447977,0.2831496320851049,0.09758513320659197,0.08612558471722664,2016Q4,0.38073476529169686,2582624.44
178,0.05238931372538655,0.09291213719907758,0.282015304944957,0.10008538719669306,0.09049716479223566,2017Q1,0.3821006921416501,2544538.39
179,0.05169342205583425,0.09685091454285949,0.2796440994526539,0.10498408546214992,0.08219929357169856,2017Q2,0.38462818491480383,2525241.41
180,0.053203723537182744,0.0999008443292569,0.27898483344398534,0.10401200334487473,0.08090175855584006,2017Q3,0.3829968367888601,2508207.5300000003
181,0.05110792957383574,0.09454274631336122,0.2768568302684774,0.10623308038182648,0.08816950281219521,2017Q4,0.3830899106503039,2472340.81
182,0.05560138737751718,0.09644981238778039,0.28045427250848015,0.1004721445687896,0.08609596608016294,2018Q1,0.38092641707726976,2418176.71
183,0.05665812908190865,0.08844968343637942,0.2848315795048264,0.10385893426101249,0.07751115995003406,2018Q2,0.3886905137658389,2440967.47
184,0.05290681248047606,0.09221887397291295,0.2901579566354156,0.10258963118384426,0.06937913790809125,2018Q3,0.3927475878192599,2507914.27
185,0.051428784339273184,0.08999473232281806,0.29273288530419217,0.10309021256729012,0.06693028759494424,2018Q4,0.3958230978714823,2530906.8
186,0.05382522798943444,0.08811840246034312,0.2910987836788794,0.10142207281174209,0.07301465656897953,2019Q1,0.39252085649062146,2512339.01
187,0.05189586446671726,0.08727453207473654,0.28957533852995626,0.10660517904817705,0.06846856830227953,2019Q2,0.39618051757813333,2519863.41
188,0.05281488908519409,0.09328025890705596,0.2895013989303285,0.10368679922675827,0.06752845569357648,2019Q3,0.3931881981570868,2508452.3
189,0.05207509128642021,0.09252645248211937,0.2944204475760101,0.09919929539139696,0.0681589702966463,2019Q4,0.3936197429674071,2528700.32
190,0.054073380005505725,0.09473430304036595,0.2895184591880953,0.09982074873882452,0.07251390110028853,2020Q1,0.38933920792691984,2476294.99
191,0.054635948005874305,0.11780857751961218,0.2875911418169712,0.08554204187432969,0.08128910709191148,2020Q2,0.37313318369130094,2402315.2300000004
192,0.05536857772289507,0.0945630258037128,0.2874698581113508,0.09339785616240216,0.08833296792588609,2020Q3,0.380867714273753,2366445.1100000003
193,0.05191084526133817,0.09042587152226,0.29067890969193144,0.09666669331823555,0.08297207719606771,2020Q4,0.387345603010167,2381348.24
194,0.05003270267125393,0.09644322582410086,0.2897459435056947,0.09762821404454072,0.0787757564041744,2021Q1,0.3873741575502354,2317196.03
195,0.055085970673717156,0.0910796253209651,0.2826759807225659,0.10710808974917563,0.07426626306183477,2021Q2,0.3897840704717415,2275952.27
196,0.05238867662648127,0.08640315554305851,0.29240713741193364,0.10496570337048189,0.06646248626562912,2021Q3,0.3973728407824156,2295936.98
197,0.054625049031813436,0.08361038002640717,0.2973478576005895,0.09944812544104481,0.06817260485851086,2021Q4,0.3967959830416343,2339374.01
198,0.05053944539026099,0.08800068795684073,0.30088284927216635,0.09501333530503804,0.06966749749848952,2022Q1,0.39589618457720444,2336658.21
199,0.0505585167642819,0.08609406125696885,0.32066026411440435,0.08186597524709686,0.058294943255746794,2022Q2,0.40252623936150117,2452450.1100000003
200,0.05133982073628675,0.08048931758025452,0.3231789324644687,0.07812606090187155,0.0655608749507782,2022Q3,0.4013049933663403,2475782.7
201,0.0481642772310054,0.07609289720485243,0.33693362150481965,0.07056746605885812,0.06074065043678657,2022Q4,0.40750108756367776,2488222.12
