
="",="(1)",="(2)",="(3)",="(4)",="(5)",="(6)",="(7)",="(8)",="(9)",="(10)",="(11)",="(12)",="(13)",="(14)",="(15)",="(16)",="(17)",="(18)",="(19)",="(20)",="(21)",="(22)",="(23)",="(24)",="(25)",="(26)",="(27)",="(28)",="(29)",="(30)",="(31)",="(32)",="(33)",="(34)",="(35)",="(36)",="(37)",="(38)",="(39)",="(40)",="(41)",="(42)",="(43)",="(44)",="(45)",="(46)",="(47)",="(48)",="(49)",="(50)",="(51)",="(52)",="(53)",="(54)",="(55)",="(56)",="(57)",="(58)",="(59)",="(60)",="(61)",="(62)",="(63)",="(64)",="(65)",="(66)",="(67)",="(68)",="(69)",="(70)",="(71)",="(72)"
="",="m130",="m131",="m132",="m133",="m134",="m135",="m136",="m137",="m138",="m139",="m140",="m141",="m142",="m143",="m144",="m145",="m146",="m147",="m148",="m149",="m150",="m151",="m152",="m153",="m154",="m155",="m156",="m157",="m158",="m159",="m160",="m161",="m162",="m163",="m164",="m165",="m166",="m167",="m168",="m169",="m170",="m171",="m172",="m173",="m174",="m175",="m176",="m177",="m178",="m179",="m180",="m181",="m182",="m183",="m184",="m185",="m186",="m187",="m188",="m189",="m190",="m191",="m192",="m193",="m194",="m195",="m196",="m197",="m198",="m199",="m200",="m201"

="permanent",="",="",="",="",="",="",="",="",="",="",="",="",="",="",="",="",="",="",="",="",="",="",="",="",="",="",="",="",="",="",="",="",="",="",="",="",="",="",="",="",="",="",="",="",="",="",="",="",="",="",="",="",="",="",="",="",="",="",="",="",="",="",="",="",="",="",="",="",="",="",="",=""
="0.act",="0",="0",="0",="0",="0",="0",="0",="0",="0",="0",="0",="0",="0",="0",="0",="0",="0",="0",="0",="0",="0",="0",="0",="0",="0",="0",="0",="0",="0",="0",="0",="0",="0",="0",="0",="0",="0",="0",="0",="0",="0",="0",="0",="0",="0",="0",="0",="0",="0",="0",="0",="0",="0",="0",="0",="0",="0",="0",="0",="0",="0",="0",="0",="0",="0",="0",="0",="0",="0",="0",="0",="0"
="",="(.)",="(.)",="(.)",="(.)",="(.)",="(.)",="(.)",="(.)",="(.)",="(.)",="(.)",="(.)",="(.)",="(.)",="(.)",="(.)",="(.)",="(.)",="(.)",="(.)",="(.)",="(.)",="(.)",="(.)",="(.)",="(.)",="(.)",="(.)",="(.)",="(.)",="(.)",="(.)",="(.)",="(.)",="(.)",="(.)",="(.)",="(.)",="(.)",="(.)",="(.)",="(.)",="(.)",="(.)",="(.)",="(.)",="(.)",="(.)",="(.)",="(.)",="(.)",="(.)",="(.)",="(.)",="(.)",="(.)",="(.)",="(.)",="(.)",="(.)",="(.)",="(.)",="(.)",="(.)",="(.)",="(.)",="(.)",="(.)",="(.)",="(.)",="(.)",="(.)"

="1.act",="2.123***",="1.915***",="1.761***",="1.663***",="1.504***",="1.658***",="1.705***",="1.998***",="1.673***",="1.336***",="1.554***",="1.312***",="1.603***",="1.585***",="1.504***",="1.655***",="1.679***",="1.958***",="1.962***",="1.997***",="1.785***",="1.811***",="1.790***",="1.749***",="1.801***",="1.611***",="1.919***",="1.607***",="1.998***",="1.971***",="1.955***",="2.206***",="2.287***",="2.264***",="2.100***",="2.267***",="2.029***",="1.969***",="2.172***",="1.957***",="1.821***",="1.729***",="1.881***",="1.626***",="1.925***",="1.741***",="1.588***",="1.675***",="1.460***",="1.786***",="1.357***",="1.310***",="1.505***",="1.437***",="1.562***",="1.645***",="1.928***",="1.798***",="1.885***",="1.710***",="1.447***",="1.293***",="1.113***",="1.338***",="1.369***",="1.245***",="1.021***",="1.024***",="1.150***",="1.449***",="1.644***",="1.469***"
="",="(0.146)",="(0.206)",="(0.224)",="(0.232)",="(0.198)",="(0.213)",="(0.224)",="(0.209)",="(0.211)",="(0.210)",="(0.212)",="(0.214)",="(0.225)",="(0.224)",="(0.212)",="(0.218)",="(0.210)",="(0.194)",="(0.191)",="(0.189)",="(0.185)",="(0.186)",="(0.186)",="(0.185)",="(0.189)",="(0.196)",="(0.190)",="(0.193)",="(0.198)",="(0.199)",="(0.209)",="(0.214)",="(0.217)",="(0.222)",="(0.209)",="(0.213)",="(0.199)",="(0.209)",="(0.217)",="(0.208)",="(0.204)",="(0.203)",="(0.202)",="(0.204)",="(0.202)",="(0.196)",="(0.194)",="(0.197)",="(0.197)",="(0.212)",="(0.201)",="(0.202)",="(0.202)",="(0.199)",="(0.206)",="(0.207)",="(0.217)",="(0.216)",="(0.215)",="(0.209)",="(0.221)",="(0.231)",="(0.226)",="(0.217)",="(0.238)",="(0.231)",="(0.249)",="(0.259)",="(0.245)",="(0.264)",="(0.257)",="(0.248)"

="2.act",="2.241***",="1.996***",="1.594***",="1.702***",="1.462***",="1.778***",="1.851***",="1.961***",="1.707***",="1.382***",="1.837***",="1.696***",="1.912***",="1.997***",="1.833***",="2.123***",="2.046***",="1.990***",="2.003***",="1.938***",="1.976***",="1.937***",="1.864***",="2.053***",="1.891***",="1.810***",="1.923***",="1.877***",="2.094***",="2.001***",="1.714***",="2.155***",="2.247***",="2.144***",="1.940***",="2.056***",="1.897***",="2.054***",="2.165***",="2.079***",="2.031***",="2.064***",="2.100***",="1.882***",="2.139***",="1.967***",="1.966***",="1.879***",="1.880***",="2.029***",="1.559***",="1.542***",="1.883***",="1.669***",="1.607***",="1.773***",="1.940***",="1.962***",="2.129***",="2.016***",="1.814***",="1.771***",="1.429***",="1.504***",="1.645***",="1.605***",="1.311***",="1.344***",="1.116***",="1.296***",="1.626***",="1.616***"
="",="(0.144)",="(0.197)",="(0.204)",="(0.220)",="(0.186)",="(0.201)",="(0.212)",="(0.196)",="(0.200)",="(0.199)",="(0.204)",="(0.203)",="(0.212)",="(0.212)",="(0.202)",="(0.207)",="(0.198)",="(0.180)",="(0.180)",="(0.177)",="(0.176)",="(0.173)",="(0.172)",="(0.174)",="(0.176)",="(0.184)",="(0.176)",="(0.178)",="(0.185)",="(0.182)",="(0.182)",="(0.195)",="(0.201)",="(0.205)",="(0.194)",="(0.198)",="(0.189)",="(0.197)",="(0.208)",="(0.199)",="(0.195)",="(0.190)",="(0.192)",="(0.192)",="(0.191)",="(0.188)",="(0.187)",="(0.190)",="(0.189)",="(0.203)",="(0.193)",="(0.194)",="(0.196)",="(0.193)",="(0.196)",="(0.194)",="(0.201)",="(0.202)",="(0.198)",="(0.197)",="(0.213)",="(0.226)",="(0.221)",="(0.206)",="(0.225)",="(0.213)",="(0.229)",="(0.242)",="(0.229)",="(0.257)",="(0.255)",="(0.260)"

="3.act",="2.166***",="2.038***",="1.889***",="1.833***",="1.528***",="1.726***",="1.716***",="1.882***",="1.717***",="1.623***",="1.957***",="1.694***",="1.824***",="1.697***",="1.607***",="1.848***",="1.870***",="2.020***",="2.219***",="2.027***",="2.005***",="2.061***",="1.988***",="2.169***",="1.836***",="1.548***",="1.602***",="1.506***",="1.912***",="1.913***",="1.780***",="2.381***",="2.453***",="2.449***",="2.262***",="2.226***",="2.096***",="2.193***",="2.310***",="2.204***",="1.959***",="1.985***",="2.004***",="1.563***",="1.837***",="1.721***",="1.838***",="1.817***",="1.553***",="1.889***",="1.308***",="1.595***",="1.802***",="1.693***",="1.757***",="1.628***",="1.991***",="1.896***",="2.111***",="1.902***",="1.725***",="1.875***",="1.481***",="1.654***",="1.736***",="1.642***",="1.663***",="1.507***",="1.377***",="1.600***",="1.790***",="1.906***"
="",="(0.149)",="(0.209)",="(0.216)",="(0.231)",="(0.198)",="(0.212)",="(0.217)",="(0.205)",="(0.207)",="(0.204)",="(0.208)",="(0.208)",="(0.217)",="(0.216)",="(0.209)",="(0.218)",="(0.206)",="(0.188)",="(0.188)",="(0.185)",="(0.181)",="(0.179)",="(0.177)",="(0.181)",="(0.184)",="(0.189)",="(0.183)",="(0.187)",="(0.194)",="(0.192)",="(0.193)",="(0.205)",="(0.211)",="(0.212)",="(0.204)",="(0.205)",="(0.202)",="(0.206)",="(0.220)",="(0.212)",="(0.204)",="(0.200)",="(0.200)",="(0.196)",="(0.194)",="(0.190)",="(0.193)",="(0.197)",="(0.195)",="(0.209)",="(0.196)",="(0.198)",="(0.198)",="(0.194)",="(0.197)",="(0.197)",="(0.206)",="(0.205)",="(0.207)",="(0.206)",="(0.217)",="(0.231)",="(0.228)",="(0.216)",="(0.232)",="(0.227)",="(0.238)",="(0.250)",="(0.238)",="(0.249)",="(0.257)",="(0.273)"

="4.act",="0.789***",="0.595**",="0.299",="0.454*",="0.181",="0.407*",="0.293",="0.524**",="0.274",="0.00161",="0.250",="0.0328",="0.343",="0.430*",="0.445*",="0.573**",="0.576**",="0.614***",="0.607***",="0.595***",="0.508**",="0.544***",="0.513**",="0.558***",="0.487**",="0.240",="0.266",="0.215",="0.414*",="0.516**",="0.406*",="0.836***",="0.961***",="0.920***",="0.830***",="0.824***",="0.614***",="0.807***",="1.031***",="0.966***",="0.766***",="0.672***",="0.615**",="0.387*",="0.575**",="0.499**",="0.455*",="0.582**",="0.389*",="0.654**",="0.326",="0.350",="0.637***",="0.500**",="0.384*",="0.371*",="0.745***",="0.806***",="0.910***",="0.778***",="0.505*",="0.685**",="0.289",="0.498*",="0.579**",="0.337",="0.109",="0.395",="0.0858",="0.475*",="0.704**",="0.320"
="",="(0.134)",="(0.185)",="(0.192)",="(0.210)",="(0.176)",="(0.191)",="(0.201)",="(0.185)",="(0.188)",="(0.184)",="(0.189)",="(0.188)",="(0.199)",="(0.200)",="(0.192)",="(0.199)",="(0.188)",="(0.170)",="(0.169)",="(0.167)",="(0.163)",="(0.160)",="(0.160)",="(0.163)",="(0.166)",="(0.171)",="(0.165)",="(0.171)",="(0.179)",="(0.176)",="(0.177)",="(0.191)",="(0.196)",="(0.201)",="(0.190)",="(0.195)",="(0.184)",="(0.191)",="(0.203)",="(0.196)",="(0.191)",="(0.188)",="(0.189)",="(0.183)",="(0.182)",="(0.181)",="(0.181)",="(0.186)",="(0.188)",="(0.203)",="(0.191)",="(0.189)",="(0.190)",="(0.186)",="(0.188)",="(0.186)",="(0.195)",="(0.192)",="(0.194)",="(0.191)",="(0.207)",="(0.220)",="(0.212)",="(0.201)",="(0.216)",="(0.206)",="(0.220)",="(0.236)",="(0.225)",="(0.232)",="(0.230)",="(0.225)"

="5.act",="1.463***",="1.292***",="1.017***",="0.985***",="1.006***",="1.232***",="1.211***",="1.231***",="1.161***",="0.833***",="1.114***",="0.939***",="1.190***",="1.100***",="1.197***",="1.365***",="1.316***",="1.415***",="1.432***",="1.403***",="1.278***",="1.254***",="1.311***",="1.427***",="1.450***",="1.163***",="1.176***",="1.095***",="1.468***",="1.462***",="1.274***",="1.673***",="1.577***",="1.543***",="1.396***",="1.437***",="1.231***",="1.370***",="1.493***",="1.447***",="1.267***",="1.295***",="1.452***",="1.033***",="1.354***",="1.335***",="1.308***",="1.357***",="1.124***",="1.274***",="0.902***",="0.900***",="1.234***",="1.161***",="1.241***",="1.125***",="1.405***",="1.312***",="1.483***",="1.381***",="1.150***",="0.979***",="0.836***",="0.852***",="1.016***",="1.019***",="0.779***",="0.886***",="0.808***",="0.913***",="1.138***",="0.927***"
="",="(0.130)",="(0.182)",="(0.190)",="(0.205)",="(0.173)",="(0.189)",="(0.199)",="(0.184)",="(0.186)",="(0.182)",="(0.188)",="(0.188)",="(0.199)",="(0.200)",="(0.191)",="(0.197)",="(0.186)",="(0.169)",="(0.171)",="(0.167)",="(0.162)",="(0.158)",="(0.157)",="(0.157)",="(0.163)",="(0.169)",="(0.163)",="(0.167)",="(0.171)",="(0.171)",="(0.173)",="(0.184)",="(0.190)",="(0.193)",="(0.180)",="(0.182)",="(0.174)",="(0.181)",="(0.193)",="(0.187)",="(0.181)",="(0.177)",="(0.179)",="(0.173)",="(0.171)",="(0.169)",="(0.168)",="(0.176)",="(0.174)",="(0.189)",="(0.176)",="(0.178)",="(0.177)",="(0.174)",="(0.176)",="(0.174)",="(0.183)",="(0.180)",="(0.182)",="(0.177)",="(0.193)",="(0.207)",="(0.197)",="(0.187)",="(0.203)",="(0.188)",="(0.206)",="(0.221)",="(0.208)",="(0.222)",="(0.213)",="(0.207)"

="6.act",="1.559***",="1.381***",="0.929***",="1.102***",="0.888***",="1.076***",="1.262***",="1.264***",="1.135***",="0.945***",="1.251***",="0.959***",="1.339***",="1.234***",="1.177***",="1.479***",="1.452***",="1.528***",="1.526***",="1.602***",="1.444***",="1.480***",="1.490***",="1.508***",="1.337***",="1.180***",="1.177***",="1.225***",="1.543***",="1.646***",="1.547***",="1.929***",="1.853***",="1.764***",="1.586***",="1.667***",="1.478***",="1.588***",="1.706***",="1.695***",="1.693***",="1.740***",="1.754***",="1.359***",="1.594***",="1.558***",="1.358***",="1.386***",="1.232***",="1.500***",="1.132***",="1.272***",="1.720***",="1.518***",="1.270***",="1.241***",="1.475***",="1.522***",="1.647***",="1.677***",="1.614***",="1.276***",="0.868***",="0.993***",="1.240***",="1.236***",="1.005***",="1.112***",="0.713**",="0.965***",="1.233***",="1.068***"
="",="(0.142)",="(0.200)",="(0.209)",="(0.220)",="(0.191)",="(0.202)",="(0.214)",="(0.200)",="(0.204)",="(0.201)",="(0.209)",="(0.207)",="(0.211)",="(0.211)",="(0.202)",="(0.206)",="(0.195)",="(0.179)",="(0.180)",="(0.177)",="(0.173)",="(0.171)",="(0.169)",="(0.169)",="(0.176)",="(0.182)",="(0.175)",="(0.179)",="(0.183)",="(0.181)",="(0.180)",="(0.194)",="(0.198)",="(0.201)",="(0.191)",="(0.195)",="(0.186)",="(0.193)",="(0.204)",="(0.198)",="(0.193)",="(0.186)",="(0.189)",="(0.187)",="(0.184)",="(0.183)",="(0.182)",="(0.185)",="(0.184)",="(0.201)",="(0.188)",="(0.190)",="(0.188)",="(0.185)",="(0.188)",="(0.187)",="(0.195)",="(0.192)",="(0.192)",="(0.188)",="(0.205)",="(0.216)",="(0.211)",="(0.201)",="(0.214)",="(0.204)",="(0.219)",="(0.229)",="(0.218)",="(0.233)",="(0.230)",="(0.227)"

="7.act",="1.660***",="1.608***",="1.399***",="1.242***",="1.111***",="1.379***",="1.326***",="1.289***",="1.280***",="0.926***",="1.258***",="0.997***",="1.079***",="1.031***",="1.055***",="1.332***",="1.243***",="1.394***",="1.498***",="1.528***",="1.490***",="1.489***",="1.314***",="1.344***",="1.148***",="0.983***",="1.133***",="1.087***",="1.421***",="1.547***",="1.411***",="1.703***",="1.663***",="1.543***",="1.269***",="1.368***",="1.210***",="1.459***",="1.626***",="1.512***",="1.396***",="1.471***",="1.448***",="1.182***",="1.397***",="1.422***",="1.282***",="1.438***",="1.303***",="1.381***",="0.912***",="1.009***",="1.228***",="1.000***",="0.988***",="0.996***",="1.292***",="1.230***",="1.510***",="1.464***",="1.290***",="1.166***",="0.828***",="0.736***",="1.046***",="1.159***",="1.027***",="0.958***",="0.734***",="0.838***",="1.062***",="0.918***"
="",="(0.138)",="(0.195)",="(0.201)",="(0.215)",="(0.189)",="(0.200)",="(0.209)",="(0.195)",="(0.195)",="(0.190)",="(0.196)",="(0.196)",="(0.202)",="(0.203)",="(0.197)",="(0.201)",="(0.188)",="(0.173)",="(0.176)",="(0.173)",="(0.170)",="(0.165)",="(0.163)",="(0.164)",="(0.169)",="(0.173)",="(0.169)",="(0.171)",="(0.173)",="(0.174)",="(0.174)",="(0.187)",="(0.193)",="(0.196)",="(0.184)",="(0.187)",="(0.178)",="(0.185)",="(0.198)",="(0.192)",="(0.185)",="(0.179)",="(0.182)",="(0.178)",="(0.176)",="(0.173)",="(0.175)",="(0.179)",="(0.178)",="(0.195)",="(0.185)",="(0.187)",="(0.187)",="(0.184)",="(0.186)",="(0.185)",="(0.194)",="(0.189)",="(0.189)",="(0.186)",="(0.201)",="(0.213)",="(0.207)",="(0.197)",="(0.210)",="(0.202)",="(0.219)",="(0.228)",="(0.221)",="(0.233)",="(0.222)",="(0.219)"

="8.act",="0.901***",="0.987***",="0.650**",="0.772**",="0.648**",="0.907***",="0.860***",="0.710**",="0.628**",="0.384",="0.936***",="0.655**",="0.808***",="0.780***",="0.768***",="1.139***",="0.846***",="1.118***",="1.053***",="1.040***",="0.905***",="1.044***",="1.055***",="1.208***",="0.910***",="0.498*",="0.532**",="0.625**",="1.026***",="1.111***",="0.893***",="1.288***",="1.273***",="1.322***",="1.297***",="1.329***",="0.993***",="1.316***",="1.288***",="1.162***",="0.896***",="0.985***",="0.814***",="0.722***",="0.906***",="0.690***",="0.815***",="1.096***",="0.986***",="1.019***",="0.552**",="0.685**",="1.034***",="0.842***",="0.764***",="0.854***",="1.061***",="1.034***",="1.185***",="1.008***",="0.808***",="0.619**",="0.521*",="0.550*",="0.601**",="0.347",="0.352",="0.578*",="0.199",="0.456",="0.549*",="0.417"
="",="(0.156)",="(0.220)",="(0.228)",="(0.242)",="(0.217)",="(0.220)",="(0.228)",="(0.219)",="(0.212)",="(0.213)",="(0.221)",="(0.231)",="(0.236)",="(0.227)",="(0.223)",="(0.230)",="(0.219)",="(0.202)",="(0.200)",="(0.192)",="(0.186)",="(0.183)",="(0.183)",="(0.183)",="(0.186)",="(0.194)",="(0.186)",="(0.194)",="(0.195)",="(0.194)",="(0.194)",="(0.204)",="(0.211)",="(0.216)",="(0.208)",="(0.210)",="(0.205)",="(0.210)",="(0.218)",="(0.222)",="(0.211)",="(0.206)",="(0.208)",="(0.208)",="(0.202)",="(0.205)",="(0.203)",="(0.214)",="(0.203)",="(0.215)",="(0.206)",="(0.208)",="(0.206)",="(0.207)",="(0.205)",="(0.199)",="(0.207)",="(0.207)",="(0.212)",="(0.208)",="(0.223)",="(0.237)",="(0.228)",="(0.216)",="(0.232)",="(0.221)",="(0.237)",="(0.250)",="(0.234)",="(0.251)",="(0.247)",="(0.239)"

="9.act",="1.256***",="1.135***",="0.719***",="0.699**",="0.773***",="1.076***",="1.003***",="1.002***",="0.777***",="0.517*",="0.680**",="0.698**",="0.791**",="0.785**",="0.824***",="1.184***",="0.753***",="0.962***",="0.865***",="0.969***",="0.813***",="0.858***",="0.883***",="1.146***",="0.974***",="0.666**",="0.387",="0.685**",="1.014***",="1.064***",="0.868***",="1.440***",="1.676***",="1.568***",="1.280***",="1.285***",="1.201***",="1.445***",="1.301***",="1.223***",="1.135***",="1.037***",="0.979***",="0.711***",="1.177***",="0.935***",="0.734***",="0.671**",="0.539*",="0.777***",="0.407",="0.467*",="0.700**",="0.733***",="0.828***",="0.666**",="0.909***",="0.872***",="0.970***",="0.770***",="0.271",="0.233",="0.0255",="0.180",="0.303",="0.317",="0.235",="0.145",="0.138",="0.129",="0.0834",="-0.193"
="",="(0.153)",="(0.214)",="(0.217)",="(0.228)",="(0.208)",="(0.229)",="(0.231)",="(0.216)",="(0.219)",="(0.217)",="(0.220)",="(0.219)",="(0.251)",="(0.256)",="(0.237)",="(0.238)",="(0.228)",="(0.212)",="(0.213)",="(0.209)",="(0.201)",="(0.207)",="(0.208)",="(0.212)",="(0.213)",="(0.218)",="(0.210)",="(0.214)",="(0.212)",="(0.210)",="(0.213)",="(0.218)",="(0.228)",="(0.228)",="(0.221)",="(0.224)",="(0.209)",="(0.223)",="(0.228)",="(0.222)",="(0.217)",="(0.216)",="(0.219)",="(0.210)",="(0.222)",="(0.223)",="(0.219)",="(0.220)",="(0.214)",="(0.229)",="(0.217)",="(0.219)",="(0.220)",="(0.222)",="(0.219)",="(0.218)",="(0.224)",="(0.223)",="(0.221)",="(0.224)",="(0.239)",="(0.255)",="(0.246)",="(0.242)",="(0.258)",="(0.243)",="(0.256)",="(0.295)",="(0.269)",="(0.277)",="(0.272)",="(0.264)"

="1.occ",="0",="0",="0",="0",="0",="0",="0",="0",="0",="0",="0",="0",="0",="0",="0",="0",="0",="0",="0",="0",="0",="0",="0",="0",="0",="0",="0",="0",="0",="0",="0",="0",="0",="0",="0",="0",="0",="0",="0",="0",="0",="0",="0",="0",="0",="0",="0",="0",="0",="0",="0",="0",="0",="0",="0",="0",="0",="0",="0",="0",="0",="0",="0",="0",="0",="0",="0",="0",="0",="0",="0",="0"
="",="(.)",="(.)",="(.)",="(.)",="(.)",="(.)",="(.)",="(.)",="(.)",="(.)",="(.)",="(.)",="(.)",="(.)",="(.)",="(.)",="(.)",="(.)",="(.)",="(.)",="(.)",="(.)",="(.)",="(.)",="(.)",="(.)",="(.)",="(.)",="(.)",="(.)",="(.)",="(.)",="(.)",="(.)",="(.)",="(.)",="(.)",="(.)",="(.)",="(.)",="(.)",="(.)",="(.)",="(.)",="(.)",="(.)",="(.)",="(.)",="(.)",="(.)",="(.)",="(.)",="(.)",="(.)",="(.)",="(.)",="(.)",="(.)",="(.)",="(.)",="(.)",="(.)",="(.)",="(.)",="(.)",="(.)",="(.)",="(.)",="(.)",="(.)",="(.)",="(.)"

="2.occ",="1.026***",="1.068***",="0.981***",="1.097***",="1.217***",="1.210***",="1.267***",="1.299***",="1.374***",="1.111***",="0.958***",="1.100***",="1.171***",="1.073***",="1.166***",="1.100***",="1.175***",="1.036***",="1.053***",="1.207***",="1.139***",="1.143***",="1.268***",="1.372***",="0.545***",="0.505***",="0.602***",="0.158",="0.338*",="0.354*",="0.269",="0.336*",="0.254",="0.220",="0.0495",="0.0908",="0.377*",="0.199",="0.123",="0.225",="0.463**",="0.794***",="0.812***",="0.546**",="0.610**",="0.614***",="0.567**",="0.179",="0.206",="0.147",="0.258",="0.285",="0.272",="0.180",="0.212",="0.401*",="0.433*",="0.149",="0.470**",="0.559**",="0.477*",="0.536*",="0.579**",="0.255",="0.285",="0.560*",="0.679**",="0.231",="0.586*",="0.444*",="0.667**",="0.449"
="",="(0.107)",="(0.144)",="(0.141)",="(0.144)",="(0.143)",="(0.142)",="(0.145)",="(0.140)",="(0.140)",="(0.137)",="(0.138)",="(0.134)",="(0.133)",="(0.129)",="(0.132)",="(0.131)",="(0.131)",="(0.131)",="(0.128)",="(0.129)",="(0.130)",="(0.131)",="(0.133)",="(0.136)",="(0.143)",="(0.147)",="(0.151)",="(0.159)",="(0.157)",="(0.155)",="(0.160)",="(0.167)",="(0.161)",="(0.161)",="(0.165)",="(0.162)",="(0.171)",="(0.169)",="(0.174)",="(0.182)",="(0.175)",="(0.183)",="(0.186)",="(0.189)",="(0.188)",="(0.182)",="(0.184)",="(0.183)",="(0.171)",="(0.172)",="(0.171)",="(0.174)",="(0.174)",="(0.181)",="(0.193)",="(0.181)",="(0.173)",="(0.183)",="(0.180)",="(0.193)",="(0.194)",="(0.210)",="(0.223)",="(0.227)",="(0.220)",="(0.223)",="(0.235)",="(0.231)",="(0.228)",="(0.225)",="(0.242)",="(0.256)"

="3.occ",="1.363***",="1.451***",="1.495***",="1.548***",="1.564***",="1.527***",="1.649***",="1.459***",="1.609***",="1.534***",="1.578***",="1.612***",="1.601***",="1.460***",="1.391***",="1.308***",="1.437***",="1.329***",="1.317***",="1.337***",="1.356***",="1.456***",="1.450***",="1.674***",="0.901***",="0.786***",="0.920***",="0.493**",="0.727***",="0.599***",="0.551***",="0.691***",="0.534***",="0.497**",="0.394*",="0.295",="0.670***",="0.570***",="0.498**",="0.700***",="0.990***",="0.973***",="0.954***",="0.761***",="0.843***",="1.041***",="0.973***",="0.709***",="0.691***",="0.486**",="0.592***",="0.587***",="0.641***",="0.595**",="0.523**",="0.662***",="0.872***",="0.457*",="0.809***",="0.980***",="0.970***",="0.964***",="1.027***",="0.581*",="0.667**",="1.001***",="1.041***",="0.468*",="0.748**",="0.665**",="0.798***",="0.808**"
="",="(0.101)",="(0.135)",="(0.132)",="(0.133)",="(0.130)",="(0.126)",="(0.132)",="(0.124)",="(0.124)",="(0.124)",="(0.124)",="(0.122)",="(0.124)",="(0.120)",="(0.120)",="(0.119)",="(0.119)",="(0.120)",="(0.117)",="(0.121)",="(0.123)",="(0.125)",="(0.126)",="(0.129)",="(0.141)",="(0.145)",="(0.148)",="(0.158)",="(0.158)",="(0.155)",="(0.161)",="(0.168)",="(0.162)",="(0.161)",="(0.165)",="(0.163)",="(0.170)",="(0.169)",="(0.174)",="(0.183)",="(0.175)",="(0.181)",="(0.186)",="(0.186)",="(0.185)",="(0.183)",="(0.184)",="(0.185)",="(0.174)",="(0.173)",="(0.170)",="(0.174)",="(0.174)",="(0.181)",="(0.192)",="(0.182)",="(0.177)",="(0.187)",="(0.182)",="(0.194)",="(0.193)",="(0.208)",="(0.223)",="(0.231)",="(0.227)",="(0.229)",="(0.237)",="(0.233)",="(0.231)",="(0.228)",="(0.242)",="(0.259)"

="4.occ",="1.861***",="1.647***",="1.497***",="1.701***",="1.973***",="2.146***",="1.945***",="1.741***",="1.903***",="1.664***",="1.945***",="1.861***",="2.005***",="1.802***",="2.021***",="1.976***",="2.059***",="1.716***",="1.611***",="1.718***",="1.708***",="1.528***",="1.740***",="2.079***",="1.184***",="1.044***",="1.331***",="0.833***",="0.967***",="0.964***",="0.824***",="1.033***",="0.864***",="0.944***",="0.798***",="1.001***",="1.073***",="1.174***",="0.968***",="0.978***",="1.244***",="1.406***",="1.410***",="0.919***",="1.053***",="1.291***",="1.459***",="1.148***",="0.943***",="0.652**",="0.845***",="0.782***",="0.841***",="0.817***",="0.999***",="1.200***",="1.248***",="0.948***",="1.119***",="0.995***",="1.107***",="1.074***",="1.230***",="0.947***",="0.847***",="1.203***",="1.256***",="0.812**",="1.000***",="1.114***",="1.350***",="1.418***"
="",="(0.121)",="(0.173)",="(0.169)",="(0.173)",="(0.164)",="(0.159)",="(0.163)",="(0.153)",="(0.155)",="(0.151)",="(0.153)",="(0.153)",="(0.151)",="(0.152)",="(0.162)",="(0.163)",="(0.164)",="(0.154)",="(0.152)",="(0.148)",="(0.149)",="(0.154)",="(0.155)",="(0.160)",="(0.162)",="(0.164)",="(0.172)",="(0.177)",="(0.173)",="(0.175)",="(0.190)",="(0.196)",="(0.193)",="(0.194)",="(0.194)",="(0.188)",="(0.200)",="(0.197)",="(0.203)",="(0.208)",="(0.208)",="(0.212)",="(0.212)",="(0.214)",="(0.207)",="(0.204)",="(0.207)",="(0.214)",="(0.198)",="(0.198)",="(0.196)",="(0.197)",="(0.199)",="(0.209)",="(0.218)",="(0.208)",="(0.201)",="(0.210)",="(0.206)",="(0.213)",="(0.219)",="(0.232)",="(0.246)",="(0.254)",="(0.246)",="(0.252)",="(0.261)",="(0.264)",="(0.260)",="(0.259)",="(0.279)",="(0.296)"

="5.occ",="1.664***",="1.636***",="1.556***",="1.683***",="1.638***",="1.598***",="1.650***",="1.587***",="1.745***",="1.748***",="1.645***",="1.606***",="1.706***",="1.515***",="1.474***",="1.431***",="1.506***",="1.544***",="1.486***",="1.571***",="1.463***",="1.595***",="1.556***",="1.537***",="0.473***",="0.507***",="0.505***",="0.143",="0.229",="0.280",="0.215",="0.361*",="0.184",="0.162",="0.0567",="0.156",="0.425*",="0.392*",="0.181",="0.301",="0.527**",="0.826***",="0.676***",="0.562**",="0.576**",="0.737***",="0.698***",="0.403*",="0.355*",="0.371*",="0.457**",="0.403*",="0.394*",="0.358*",="0.264",="0.553**",="0.649***",="0.451*",="0.747***",="0.696***",="0.686***",="0.649**",="0.537*",="0.403",="0.351",="0.771***",="0.758**",="0.227",="0.487*",="0.463*",="0.532*",="0.451"
="",="(0.107)",="(0.139)",="(0.137)",="(0.139)",="(0.133)",="(0.128)",="(0.138)",="(0.130)",="(0.129)",="(0.130)",="(0.130)",="(0.127)",="(0.129)",="(0.126)",="(0.126)",="(0.126)",="(0.126)",="(0.127)",="(0.124)",="(0.123)",="(0.124)",="(0.129)",="(0.129)",="(0.132)",="(0.141)",="(0.145)",="(0.147)",="(0.157)",="(0.154)",="(0.156)",="(0.161)",="(0.165)",="(0.160)",="(0.160)",="(0.166)",="(0.162)",="(0.169)",="(0.168)",="(0.173)",="(0.183)",="(0.172)",="(0.181)",="(0.184)",="(0.185)",="(0.181)",="(0.179)",="(0.180)",="(0.182)",="(0.170)",="(0.172)",="(0.169)",="(0.173)",="(0.172)",="(0.180)",="(0.190)",="(0.180)",="(0.174)",="(0.187)",="(0.179)",="(0.192)",="(0.192)",="(0.209)",="(0.221)",="(0.230)",="(0.223)",="(0.230)",="(0.237)",="(0.237)",="(0.229)",="(0.227)",="(0.244)",="(0.257)"

="6.occ",="1.404***",="0.974***",="0.383",="0.798**",="0.964***",="1.268***",="1.463***",="1.151***",="1.116***",="0.827***",="0.979***",="0.739**",="0.392",="0.476*",="0.903***",="1.032***",="0.982***",="0.960***",="1.143***",="1.143***",="1.021***",="1.018***",="1.136***",="1.039***",="0.0876",="-0.133",="-0.172",="-0.240",="0.239",="0.117",="-0.187",="0.306",="0.200",="0.0896",="-0.230",="-0.0450",="0.257",="0.333",="0.248",="0.239",="0.344",="0.402",="0.143",="-0.0733",="0.321",="0.400",="0.201",="0.144",="0.183",="-0.0599",="-0.342",="-0.246",="0.178",="0.0219",="0.0498",="0.247",="0.276",="0.0130",="0.589*",="0.372",="0.135",="0.186",="-0.178",="-0.128",="-0.124",="-0.205",="-0.266",="-0.561",="-0.553",="-0.620",="0.0211",="-0.0511"
="",="(0.215)",="(0.257)",="(0.257)",="(0.262)",="(0.249)",="(0.300)",="(0.279)",="(0.237)",="(0.235)",="(0.234)",="(0.243)",="(0.245)",="(0.238)",="(0.239)",="(0.238)",="(0.240)",="(0.231)",="(0.239)",="(0.259)",="(0.243)",="(0.232)",="(0.229)",="(0.217)",="(0.215)",="(0.228)",="(0.235)",="(0.233)",="(0.249)",="(0.243)",="(0.251)",="(0.260)",="(0.262)",="(0.270)",="(0.262)",="(0.265)",="(0.271)",="(0.258)",="(0.265)",="(0.285)",="(0.280)",="(0.260)",="(0.264)",="(0.269)",="(0.269)",="(0.281)",="(0.273)",="(0.284)",="(0.279)",="(0.265)",="(0.285)",="(0.283)",="(0.281)",="(0.289)",="(0.279)",="(0.290)",="(0.273)",="(0.265)",="(0.270)",="(0.265)",="(0.283)",="(0.292)",="(0.329)",="(0.330)",="(0.317)",="(0.329)",="(0.329)",="(0.349)",="(0.332)",="(0.330)",="(0.341)",="(0.331)",="(0.331)"

="7.occ",="1.143***",="1.095***",="1.005***",="0.921***",="1.105***",="1.085***",="1.202***",="0.975***",="1.136***",="1.106***",="1.097***",="1.092***",="1.014***",="0.781***",="0.914***",="0.866***",="0.933***",="0.831***",="0.930***",="0.951***",="0.980***",="1.032***",="0.980***",="1.108***",="0.380**",="0.329*",="0.382**",="0.0721",="0.0655",="0.103",="0.0612",="0.176",="-0.0253",="-0.0608",="-0.0392",="-0.00883",="0.325",="0.283",="-0.0128",="0.124",="0.371*",="0.665***",="0.604***",="0.241",="0.374*",="0.551**",="0.476**",="0.217",="0.286",="0.110",="0.247",="0.210",="0.469**",="0.252",="0.333",="0.486**",="0.484**",="0.0235",="0.345",="0.421*",="0.447*",="0.314",="0.548*",="0.202",="0.118",="0.601**",="0.698**",="0.213",="0.491*",="0.343",="0.526*",="0.569*"
="",="(0.0978)",="(0.126)",="(0.124)",="(0.126)",="(0.121)",="(0.116)",="(0.122)",="(0.116)",="(0.114)",="(0.114)",="(0.114)",="(0.110)",="(0.112)",="(0.110)",="(0.114)",="(0.112)",="(0.111)",="(0.113)",="(0.113)",="(0.112)",="(0.115)",="(0.118)",="(0.119)",="(0.124)",="(0.135)",="(0.138)",="(0.141)",="(0.152)",="(0.152)",="(0.149)",="(0.156)",="(0.164)",="(0.161)",="(0.161)",="(0.166)",="(0.161)",="(0.168)",="(0.167)",="(0.170)",="(0.178)",="(0.170)",="(0.179)",="(0.183)",="(0.183)",="(0.182)",="(0.178)",="(0.178)",="(0.181)",="(0.170)",="(0.170)",="(0.167)",="(0.170)",="(0.169)",="(0.177)",="(0.186)",="(0.175)",="(0.170)",="(0.184)",="(0.179)",="(0.190)",="(0.192)",="(0.208)",="(0.220)",="(0.229)",="(0.222)",="(0.226)",="(0.238)",="(0.235)",="(0.227)",="(0.226)",="(0.244)",="(0.257)"

="8.occ",="1.304***",="1.188***",="1.198***",="1.249***",="1.295***",="1.418***",="1.422***",="1.318***",="1.528***",="1.374***",="1.285***",="1.274***",="1.293***",="1.166***",="1.302***",="1.238***",="1.219***",="1.071***",="1.168***",="1.318***",="1.256***",="1.478***",="1.443***",="1.542***",="0.874***",="0.711***",="0.670***",="0.355*",="0.463**",="0.408*",="0.401*",="0.514**",="0.201",="0.300",="0.218",="0.348*",="0.518**",="0.392*",="0.231",="0.256",="0.427*",="0.777***",="0.736***",="0.415*",="0.486*",="0.690***",="0.526**",="0.299",="0.433*",="0.221",="0.276",="0.212",="0.230",="0.294",="0.312",="0.391*",="0.505**",="0.194",="0.441*",="0.368",="0.355",="0.278",="0.376",="0.154",="0.133",="0.366",="0.447",="0.185",="0.454",="0.405",="0.366",="0.387"
="",="(0.103)",="(0.133)",="(0.131)",="(0.134)",="(0.130)",="(0.123)",="(0.130)",="(0.123)",="(0.122)",="(0.124)",="(0.124)",="(0.120)",="(0.120)",="(0.118)",="(0.119)",="(0.119)",="(0.119)",="(0.121)",="(0.119)",="(0.120)",="(0.121)",="(0.124)",="(0.126)",="(0.129)",="(0.145)",="(0.147)",="(0.150)",="(0.161)",="(0.162)",="(0.162)",="(0.167)",="(0.173)",="(0.167)",="(0.166)",="(0.170)",="(0.168)",="(0.177)",="(0.176)",="(0.180)",="(0.188)",="(0.180)",="(0.187)",="(0.191)",="(0.193)",="(0.191)",="(0.188)",="(0.188)",="(0.189)",="(0.177)",="(0.178)",="(0.175)",="(0.179)",="(0.178)",="(0.185)",="(0.196)",="(0.186)",="(0.179)",="(0.193)",="(0.186)",="(0.197)",="(0.199)",="(0.215)",="(0.228)",="(0.235)",="(0.232)",="(0.235)",="(0.245)",="(0.244)",="(0.233)",="(0.235)",="(0.252)",="(0.273)"

="9.occ",="0.922***",="0.723***",="0.786***",="0.705***",="0.850***",="0.960***",="0.965***",="0.623***",="0.743***",="0.701***",="0.847***",="0.657***",="0.679***",="0.510***",="0.688***",="0.681***",="0.783***",="0.652***",="0.621***",="0.661***",="0.651***",="0.727***",="0.630***",="0.733***",="-0.0415",="-0.0677",="-0.0617",="-0.277",="-0.143",="-0.0974",="-0.228",="0.107",="-0.0617",="-0.135",="-0.358*",="-0.319",="-0.0879",="-0.170",="-0.232",="-0.230",="-0.173",="0.129",="0.0870",="-0.136",="0.116",="0.220",="0.203",="-0.163",="-0.196",="-0.286",="-0.203",="-0.104",="-0.0545",="-0.260",="-0.265",="0.0567",="0.166",="-0.247",="0.123",="-0.0235",="0.102",="-0.0242",="-0.123",="-0.309",="-0.177",="-0.140",="0.0870",="-0.394",="-0.185",="-0.273",="0.116",="0.0193"
="",="(0.106)",="(0.140)",="(0.137)",="(0.140)",="(0.136)",="(0.130)",="(0.137)",="(0.130)",="(0.130)",="(0.127)",="(0.128)",="(0.125)",="(0.127)",="(0.125)",="(0.124)",="(0.126)",="(0.126)",="(0.128)",="(0.127)",="(0.127)",="(0.129)",="(0.131)",="(0.133)",="(0.138)",="(0.152)",="(0.154)",="(0.156)",="(0.166)",="(0.164)",="(0.163)",="(0.170)",="(0.177)",="(0.173)",="(0.172)",="(0.176)",="(0.175)",="(0.182)",="(0.183)",="(0.186)",="(0.192)",="(0.183)",="(0.190)",="(0.195)",="(0.193)",="(0.192)",="(0.189)",="(0.190)",="(0.193)",="(0.181)",="(0.185)",="(0.182)",="(0.183)",="(0.183)",="(0.190)",="(0.199)",="(0.186)",="(0.180)",="(0.193)",="(0.187)",="(0.198)",="(0.202)",="(0.221)",="(0.236)",="(0.242)",="(0.238)",="(0.241)",="(0.246)",="(0.253)",="(0.239)",="(0.242)",="(0.252)",="(0.268)"

="public_servant",="1.511***",="1.066***",="1.149***",="0.991***",="0.971***",="0.939***",="0.768***",="0.988***",="0.995***",="1.027***",="0.834***",="0.810***",="0.857***",="0.986***",="0.869***",="0.665***",="0.876***",="0.568***",="0.676***",="0.692***",="0.756***",="0.781***",="0.658***",="0.692***",="1.229***",="1.243***",="1.149***",="1.053***",="1.136***",="1.045***",="1.221***",="1.400***",="1.374***",="1.392***",="1.270***",="1.197***",="1.245***",="0.999***",="1.148***",="1.162***",="1.220***",="1.018***",="1.132***",="0.696***",="0.928***",="1.157***",="0.984***",="0.923***",="0.856***",="0.883***",="0.834***",="0.626***",="0.586***",="0.497***",="0.610***",="0.475***",="0.486***",="0.317*",="0.239",="0.372*",="0.540***",="0.649***",="0.460**",="0.231",="0.295",="0.388*",="0.389*",="0.468**",="0.464**",="0.280",="0.396*",="0.298"
="",="(0.103)",="(0.150)",="(0.154)",="(0.162)",="(0.155)",="(0.146)",="(0.146)",="(0.149)",="(0.136)",="(0.139)",="(0.147)",="(0.162)",="(0.153)",="(0.143)",="(0.151)",="(0.150)",="(0.143)",="(0.149)",="(0.139)",="(0.135)",="(0.131)",="(0.132)",="(0.133)",="(0.137)",="(0.136)",="(0.139)",="(0.141)",="(0.149)",="(0.151)",="(0.147)",="(0.144)",="(0.149)",="(0.150)",="(0.156)",="(0.152)",="(0.149)",="(0.151)",="(0.153)",="(0.151)",="(0.163)",="(0.158)",="(0.164)",="(0.162)",="(0.172)",="(0.159)",="(0.161)",="(0.159)",="(0.162)",="(0.146)",="(0.143)",="(0.150)",="(0.148)",="(0.146)",="(0.150)",="(0.147)",="(0.141)",="(0.142)",="(0.144)",="(0.144)",="(0.145)",="(0.157)",="(0.163)",="(0.162)",="(0.157)",="(0.164)",="(0.161)",="(0.172)",="(0.169)",="(0.169)",="(0.174)",="(0.173)",="(0.176)"

="parent_15",="0.202",="-0.0108",="-0.0695",="-0.0334",="0.165",="0.104",="0.0827",="0.0360",="-0.176",="0.0658",="0.133",="0.0222",="-0.171",="-0.125",="-0.125",="-0.00754",="0.0831",="-0.0312",="0.00962",="-0.113",="-0.211",="-0.0908",="0.0926",="0.0519",="-0.107",="0.125",="0.00591",="-0.0378",="0.0265",="0.0928",="-0.000904",="0.0527",="0.204",="0.228*",="0.0528",="-0.0172",="0.0290",="0.0818",="0.110",="0.135",="0.183",="0.209*",="0.191",="0.0986",="0.356***",="0.240*",="0.274**",="0.243*",="0.189*",="0.116",="0.154",="0.121",="0.357***",="0.430***",="0.347***",="0.285**",="0.209*",="0.0433",="0.122",="0.178",="0.170",="0.188",="0.202",="0.278*",="0.198",="0.301*",="0.228",="0.158",="0.193",="0.0760",="0.157",="0.146"
="",="(0.122)",="(0.153)",="(0.154)",="(0.148)",="(0.138)",="(0.136)",="(0.139)",="(0.138)",="(0.136)",="(0.133)",="(0.126)",="(0.118)",="(0.117)",="(0.117)",="(0.112)",="(0.117)",="(0.119)",="(0.117)",="(0.110)",="(0.110)",="(0.108)",="(0.108)",="(0.107)",="(0.108)",="(0.107)",="(0.109)",="(0.107)",="(0.113)",="(0.115)",="(0.111)",="(0.109)",="(0.107)",="(0.110)",="(0.109)",="(0.104)",="(0.107)",="(0.106)",="(0.106)",="(0.103)",="(0.101)",="(0.101)",="(0.102)",="(0.0993)",="(0.0968)",="(0.0951)",="(0.0966)",="(0.0978)",="(0.0997)",="(0.0959)",="(0.0982)",="(0.0956)",="(0.0938)",="(0.0938)",="(0.0934)",="(0.0954)",="(0.0946)",="(0.0941)",="(0.0966)",="(0.100)",="(0.100)",="(0.102)",="(0.104)",="(0.105)",="(0.108)",="(0.116)",="(0.117)",="(0.118)",="(0.117)",="(0.114)",="(0.118)",="(0.117)",="(0.125)"

="married",="0.389***",="0.272**",="0.176",="0.452***",="0.381***",="0.333***",="0.191*",="0.115",="0.113",="0.150",="0.166*",="0.341***",="0.330***",="0.221**",="0.0912",="0.203*",="0.190*",="0.211*",="0.362***",="0.280***",="0.196*",="0.233**",="0.329***",="0.297***",="0.466***",="0.439***",="0.314***",="0.339***",="0.357***",="0.368***",="0.302**",="0.216*",="0.307**",="0.258**",="0.291**",="0.162",="0.241*",="0.304**",="0.201",="0.135",="0.217*",="0.224*",="0.122",="0.264*",="0.408***",="0.363***",="0.177",="0.205*",="0.152",="0.265*",="0.216*",="0.379***",="0.476***",="0.294**",="0.373***",="0.343**",="0.263*",="0.315**",="0.304**",="0.385***",="0.220",="0.0921",="0.207",="0.338**",="0.256",="0.258",="0.287*",="0.393**",="0.307*",="0.269",="0.356*",="0.253"
="",="(0.0729)",="(0.0935)",="(0.0940)",="(0.0930)",="(0.0907)",="(0.0881)",="(0.0881)",="(0.0838)",="(0.0831)",="(0.0830)",="(0.0827)",="(0.0821)",="(0.0826)",="(0.0820)",="(0.0823)",="(0.0822)",="(0.0854)",="(0.0845)",="(0.0838)",="(0.0846)",="(0.0848)",="(0.0867)",="(0.0862)",="(0.0858)",="(0.0891)",="(0.0893)",="(0.0903)",="(0.0927)",="(0.0941)",="(0.0924)",="(0.0961)",="(0.0964)",="(0.101)",="(0.0977)",="(0.0984)",="(0.0971)",="(0.0985)",="(0.103)",="(0.106)",="(0.108)",="(0.102)",="(0.104)",="(0.104)",="(0.104)",="(0.104)",="(0.106)",="(0.105)",="(0.103)",="(0.105)",="(0.105)",="(0.103)",="(0.106)",="(0.108)",="(0.108)",="(0.106)",="(0.105)",="(0.106)",="(0.108)",="(0.112)",="(0.113)",="(0.117)",="(0.121)",="(0.127)",="(0.124)",="(0.131)",="(0.139)",="(0.137)",="(0.144)",="(0.141)",="(0.141)",="(0.144)",="(0.153)"

="married_parent_15",="-0.0903",="0.178",="0.272",="0.0394",="-0.133",="-0.00331",="0.128",="0.194",="0.492**",="0.229",="0.209",="0.192",="0.346*",="0.315*",="0.376**",="0.144",="0.0727",="0.129",="-0.0148",="0.192",="0.329*",="0.231",="-0.00587",="0.0861",="-0.0295",="-0.277*",="-0.0337",="-0.0366",="-0.0178",="-0.126",="-0.0446",="0.0546",="-0.171",="-0.234",="-0.106",="0.0878",="0.00660",="-0.120",="-0.0416",="0.103",="-0.0266",="-0.00232",="0.0998",="0.0572",="-0.255",="-0.161",="0.0633",="0.0749",="0.162",="0.116",="0.0893",="0.0161",="-0.301*",="-0.186",="-0.106",="-0.114",="0.0554",="0.0107",="-0.0264",="-0.118",="-0.0604",="0.0958",="0.0283",="-0.0628",="0.00126",="0.122",="0.0822",="-0.0153",="-0.193",="-0.0101",="-0.295",="-0.191"
="",="(0.141)",="(0.178)",="(0.178)",="(0.172)",="(0.163)",="(0.160)",="(0.162)",="(0.159)",="(0.157)",="(0.155)",="(0.149)",="(0.142)",="(0.142)",="(0.142)",="(0.138)",="(0.142)",="(0.146)",="(0.143)",="(0.137)",="(0.137)",="(0.136)",="(0.137)",="(0.136)",="(0.136)",="(0.138)",="(0.140)",="(0.139)",="(0.145)",="(0.148)",="(0.144)",="(0.145)",="(0.143)",="(0.149)",="(0.146)",="(0.143)",="(0.144)",="(0.144)",="(0.147)",="(0.148)",="(0.148)",="(0.143)",="(0.147)",="(0.145)",="(0.143)",="(0.142)",="(0.144)",="(0.144)",="(0.144)",="(0.143)",="(0.145)",="(0.142)",="(0.143)",="(0.144)",="(0.144)",="(0.145)",="(0.143)",="(0.143)",="(0.147)",="(0.152)",="(0.153)",="(0.158)",="(0.163)",="(0.169)",="(0.170)",="(0.179)",="(0.188)",="(0.186)",="(0.190)",="(0.187)",="(0.189)",="(0.193)",="(0.205)"

="divorced",="0.0350",="0.0489",="0.0960",="0.110",="0.107",="0.262",="0.383*",="0.219",="0.0863",="0.0284",="0.186",="0.201",="0.169",="0.00000717",="-0.249",="-0.193",="-0.0127",="0.00725",="0.0862",="-0.0297",="0.0451",="0.139",="-0.00611",="-0.0477",="-0.0420",="0.0552",="-0.0251",="-0.147",="-0.0474",="0.149",="-0.101",="-0.0709",="0.0989",="0.00359",="-0.163",="-0.421*",="-0.266",="-0.467**",="-0.212",="-0.0308",="0.0799",="0.0418",="-0.354*",="-0.252",="-0.0683",="-0.143",="0.00863",="0.215",="0.411*",="0.262",="0.127",="0.317",="0.259",="0.196",="0.123",="0.256",="0.150",="0.345",="0.362",="0.446*",="0.106",="0.0786",="0.0521",="-0.0985",="-0.144",="0.208",="0.326",="0.455",="0.0845",="-0.0131",="-0.0179",="-0.637*"
="",="(0.133)",="(0.161)",="(0.178)",="(0.152)",="(0.142)",="(0.144)",="(0.151)",="(0.144)",="(0.147)",="(0.151)",="(0.151)",="(0.145)",="(0.149)",="(0.156)",="(0.150)",="(0.150)",="(0.150)",="(0.150)",="(0.145)",="(0.142)",="(0.149)",="(0.156)",="(0.155)",="(0.164)",="(0.154)",="(0.155)",="(0.153)",="(0.157)",="(0.154)",="(0.152)",="(0.168)",="(0.165)",="(0.174)",="(0.162)",="(0.165)",="(0.170)",="(0.165)",="(0.171)",="(0.180)",="(0.172)",="(0.161)",="(0.159)",="(0.168)",="(0.163)",="(0.168)",="(0.177)",="(0.181)",="(0.178)",="(0.177)",="(0.179)",="(0.169)",="(0.179)",="(0.186)",="(0.184)",="(0.183)",="(0.181)",="(0.178)",="(0.198)",="(0.203)",="(0.196)",="(0.202)",="(0.199)",="(0.211)",="(0.204)",="(0.229)",="(0.240)",="(0.238)",="(0.263)",="(0.245)",="(0.255)",="(0.241)",="(0.261)"

="widowed",="1.344",="0.846",="1.251",="-0.560",="-0.256",="-0.378",="-1.177",="-0.783",="-0.964",="0.0407",="0.255",="1.248",="2.079*",="0.460",="-1.452",="-1.990*",="-1.194",="-1.010",="-0.518",="-0.274",="-0.631",="-0.682",="-0.882",="-0.582",="1.499",="0.864",="0.910",="0.0267",="-0.417",="0.193",="0.546",="1.165",="-0.245",="-0.513",="-0.0320",="1.907",="-0.783",="-2.683*",="0",="-2.887*",="-2.342*",="-1.129",="-0.269",="-0.621",="-0.660",="0.210",="0",="0",="0",="0",="0",="-0.741",="-0.287",="0",="0",="0",="0.673",="1.147",="0.606",="0.901",="0",="2.936*",="0.0979",="0.0754",="-0.986",="1.687",="0.400",="-1.197",="-1.442",="1.071",="-0.154",="-0.499"
="",="(1.057)",="(1.399)",="(1.308)",="(0.664)",="(0.727)",="(0.649)",="(0.763)",="(0.827)",="(0.752)",="(0.831)",="(0.828)",="(0.766)",="(0.920)",="(0.745)",="(1.066)",="(0.990)",="(0.684)",="(0.866)",="(0.725)",="(0.660)",="(0.621)",="(0.652)",="(0.882)",="(0.849)",="(0.880)",="(0.883)",="(0.641)",="(0.602)",="(0.613)",="(0.553)",="(0.753)",="(0.863)",="(0.703)",="(0.698)",="(0.847)",="(1.013)",="(0.998)",="(1.179)",="(.)",="(1.162)",="(1.175)",="(1.034)",="(0.880)",="(0.916)",="(0.991)",="(0.993)",="(.)",="(.)",="(.)",="(.)",="(.)",="(1.352)",="(1.181)",="(.)",="(.)",="(.)",="(0.925)",="(1.724)",="(2.330)",="(1.400)",="(.)",="(1.150)",="(0.780)",="(0.995)",="(1.115)",="(1.153)",="(1.549)",="(1.343)",="(1.338)",="(1.116)",="(0.817)",="(0.828)"

="part_time",="-0.961***",="-1.152***",="-1.264***",="-1.284***",="-1.527***",="-1.386***",="-0.998***",="-1.030***",="-1.004***",="-0.990***",="-0.778***",="-1.142***",="-0.805***",="-1.140***",="-0.918***",="-1.025***",="-0.722***",="-0.867***",="-0.572**",="-0.835***",="-0.635***",="-1.083***",="-1.230***",="-1.311***",="-1.245***",="-1.141***",="-1.005***",="-1.326***",="-0.844***",="-0.896***",="-0.799***",="-0.755***",="-0.629***",="-0.793***",="-0.855***",="-0.849***",="-0.631***",="-0.760***",="-0.706***",="-0.781***",="-0.525***",="-0.731***",="-0.852***",="-0.817***",="-0.811***",="-0.640***",="-0.353**",="-0.569***",="-0.392**",="-0.439***",="-0.649***",="-0.767***",="-0.729***",="-0.845***",="-0.768***",="-0.768***",="-0.523***",="-0.814***",="-0.631***",="-0.682***",="-0.546***",="-0.375*",="-0.499**",="-0.524**",="-0.480**",="-0.483**",="-0.604***",="-0.856***",="-0.832***",="-0.325",="-0.209",="-0.356*"
="",="(0.153)",="(0.185)",="(0.185)",="(0.204)",="(0.209)",="(0.198)",="(0.187)",="(0.186)",="(0.177)",="(0.175)",="(0.183)",="(0.197)",="(0.185)",="(0.169)",="(0.176)",="(0.170)",="(0.155)",="(0.157)",="(0.176)",="(0.162)",="(0.165)",="(0.149)",="(0.160)",="(0.158)",="(0.148)",="(0.149)",="(0.156)",="(0.167)",="(0.140)",="(0.142)",="(0.137)",="(0.142)",="(0.142)",="(0.137)",="(0.128)",="(0.127)",="(0.129)",="(0.128)",="(0.129)",="(0.124)",="(0.127)",="(0.124)",="(0.127)",="(0.117)",="(0.123)",="(0.127)",="(0.126)",="(0.125)",="(0.121)",="(0.125)",="(0.128)",="(0.130)",="(0.135)",="(0.128)",="(0.132)",="(0.130)",="(0.126)",="(0.128)",="(0.128)",="(0.135)",="(0.134)",="(0.154)",="(0.163)",="(0.167)",="(0.159)",="(0.164)",="(0.177)",="(0.202)",="(0.181)",="(0.168)",="(0.188)",="(0.164)"

="college",="0.407***",="0.359***",="0.457***",="0.425***",="0.471***",="0.389***",="0.445***",="0.416***",="0.461***",="0.493***",="0.522***",="0.470***",="0.440***",="0.454***",="0.505***",="0.499***",="0.630***",="0.547***",="0.541***",="0.574***",="0.591***",="0.570***",="0.430***",="0.401***",="0.385***",="0.420***",="0.408***",="0.386***",="0.337***",="0.439***",="0.428***",="0.471***",="0.441***",="0.416***",="0.441***",="0.397***",="0.373***",="0.450***",="0.456***",="0.407***",="0.358***",="0.370***",="0.343***",="0.262***",="0.337***",="0.226**",="0.326***",="0.359***",="0.378***",="0.367***",="0.434***",="0.381***",="0.366***",="0.381***",="0.340***",="0.414***",="0.403***",="0.346***",="0.281***",="0.178*",="0.210*",="0.252**",="0.202*",="0.383***",="0.375***",="0.276**",="0.350***",="0.300**",="0.303**",="0.264*",="0.119",="0.131"
="",="(0.0539)",="(0.0748)",="(0.0757)",="(0.0770)",="(0.0711)",="(0.0698)",="(0.0710)",="(0.0692)",="(0.0680)",="(0.0681)",="(0.0683)",="(0.0663)",="(0.0680)",="(0.0684)",="(0.0692)",="(0.0678)",="(0.0682)",="(0.0677)",="(0.0663)",="(0.0662)",="(0.0668)",="(0.0679)",="(0.0668)",="(0.0679)",="(0.0668)",="(0.0672)",="(0.0690)",="(0.0718)",="(0.0709)",="(0.0725)",="(0.0717)",="(0.0723)",="(0.0731)",="(0.0721)",="(0.0725)",="(0.0732)",="(0.0739)",="(0.0764)",="(0.0741)",="(0.0740)",="(0.0726)",="(0.0728)",="(0.0751)",="(0.0744)",="(0.0737)",="(0.0729)",="(0.0741)",="(0.0742)",="(0.0739)",="(0.0750)",="(0.0729)",="(0.0740)",="(0.0751)",="(0.0756)",="(0.0767)",="(0.0762)",="(0.0766)",="(0.0792)",="(0.0800)",="(0.0806)",="(0.0822)",="(0.0855)",="(0.0872)",="(0.0893)",="(0.0939)",="(0.0981)",="(0.102)",="(0.106)",="(0.0999)",="(0.103)",="(0.105)",="(0.109)"

="erte",="0",="0",="0",="0",="0",="0",="0",="0",="0",="0",="0",="0",="0",="0",="0",="-0.601",="-0.355",="0.279",="0.137",="0.216",="0.234",="-0.943",="-1.452*",="-0.468",="-0.0347",="-0.312",="-0.889",="-2.402***",="0.511",="1.374",="0.926",="-0.951",="0.00475",="-0.0164",="0.158",="-0.612",="0.193",="1.923",="-0.308",="0.804",="-0.264",="0",="0.252",="0",="0",="0",="-1.227",="0",="0",="0",="0",="0",="0",="0",="0",="0",="0",="0",="0",="0",="0.565",="0.552***",="-0.626**",="-0.0230",="-0.456",="-0.0293",="0.775",="1.422",="0.139",="-1.066",="0",="0"
="",="(.)",="(.)",="(.)",="(.)",="(.)",="(.)",="(.)",="(.)",="(.)",="(.)",="(.)",="(.)",="(.)",="(.)",="(.)",="(0.887)",="(0.680)",="(0.579)",="(0.500)",="(0.628)",="(0.530)",="(0.927)",="(0.705)",="(0.632)",="(0.537)",="(0.767)",="(0.955)",="(0.638)",="(0.693)",="(0.940)",="(0.830)",="(0.661)",="(0.458)",="(0.484)",="(0.748)",="(0.743)",="(0.723)",="(1.094)",="(0.848)",="(0.878)",="(0.909)",="(.)",="(1.917)",="(.)",="(.)",="(.)",="(1.093)",="(.)",="(.)",="(.)",="(.)",="(.)",="(.)",="(.)",="(.)",="(.)",="(.)",="(.)",="(.)",="(.)",="(0.289)",="(0.124)",="(0.233)",="(0.236)",="(0.252)",="(0.401)",="(0.631)",="(1.041)",="(1.040)",="(1.555)",="(.)",="(.)"

="N",="20184",="9941",="9687",="9668",="10094",="10497",="10320",="10419",="10799",="10915",="10841",="10877",="10919",="10976",="10790",="10711",="10681",="10656",="11097",="10987",="10955",="10682",="10521",="10413",="10353",="10207",="9964",="9599",="9781",="9666",="9428",="9268",="9130",="9071",="9018",="8878",="8854",="8734",="8689",="8641",="8519",="8358",="8182",="8103",="8019",="7881",="7795",="7772",="7775",="7637",="7586",="7596",="7584",="7563",="7554",="7671",="7611",="7433",="7324",="7171",="6871",="6337",="6195",="6169",="5780",="5454",="5137",="5124",="5113",="5026",="4980",="4861"

="Marginal effects; Standard errors in parentheses"
=" (d) for discrete change of dummy variable from 0 to 1"
="* p<0.05, ** p<0.01, *** p<0.001"
